30000058
28600720
18680447
15151481
11939684
31005062
28320219
24811598
29426286
11245656
26272889
18020598
19707378
19386946
11436069
14568897
10688831
10441094
11324348
17403168
12893020
16945048
14512301
12549954
15280202
16241940
18449412
15976970
30717501
25344113
21477293
15140582
14982973
17109386
19059879
21961488
11434701
11865285
32350907
20186683
15136878
16244762
12586138
15269836
10999507
22002684
20181379
16718945
10910895
12508198
15819285
22236986
20834029
22680641
16944075
15590880
21902659
16305293
17666280
17461712
19929245
20694716
17124098
10846236
16690967
12420238
16739902
16541359
15585446
21241354
10229643
11485140
23991928
12666266
19591041
12124681
17124091
27382551
31564275
15586105
12739991
11001886
21507818
18384841
21665405
20216982
29421832
11895064
16279053
12759518
19690218
15080313
23444494
24604304
25374012
21404142
20601872
17171593
12420243
19996742
23768448
21045018
17667079
29954012
31187225
26450954
22160026
17546553
11918584
15285534
17398201
14667668
21838657
16156317
9884382
18406993
16377464
30892978
12075381
16730571
18669753
16168887
18302088
12946496
12826069
12902132
14742803
16389543
23117667
12555357
19437367
31893341
18829068
17625093
16105554
12854062
22982873
19132170
22081129
17334253
11875754
10520777
14593977
21316987
30427777
9989712
26695420
29437288
12960616
14608129
15853177
15835831
16448321
10912644
16104365
12557411
16933276
17823223
33031792
27513533
10073268
18510685
25697279
17381384
10505536
18021330
16085538
22970706
15282649
15795722
15282653
12176911
15171961
17571830
22045525
17893639
19051709
12211410
19497901
15706028
16553518
14644085
18473863
16466327
15012687
20008202
16553503
20233918
16709481
19404513
15692252
17187457
16475045
12869178
16104366
17896955
16125511
19561526
25148720
15244501
15150683
20472634
15706025
12064571
12172444
17075368
16185183
15853606
18393145
11055889
17917621
15282654
16766786
27464495
23715106
15339691
29169470
19998801
16731103
18827975
18053423
16305522
11720603
21320787
22178575
10917073
20043330
17171989
11722989
11423693
18238772
10560805
18248527
30444525
29304263
17174212
14593980
19025434
14593978
14728002
11022100
15045133
14736559
10730685
15383477
24782686
21928286
21741028
11467439
25004020
16643427
17959580
15976209
12020989
15902370
14968353
11248788
26179083
28579778
16119279
17216915
26579318
17227274
14980986
16923524
15210398
11963288
26584351
14742760
10650852
21239127
18311550
26241501
17542773
12244483
18409125
22542931
9810286
10209835
15091006
23118623
19212729
23606934
18544310
10493227
15090213
23010710
12393117
27190065
25171706
14648923
22829388
22261947
23118656
28595117
16133897
22534729
10953874
21455867
20202039
11209984
19350215
11530963
23103159
16479195
24106207
16082525
15325949
10897491
21947717
26897551
24051102
26501237
11155195
19324432
24040968
9663711
22226271
24667943
11150025
19172515
22935938
15585680
17982317
12215761
20869757
21113252
18299306
18541684
16455953
17902571
17252251
14593979
24000509
11285599
16038707
23402023
20139276
18664968
10695507
19404534
23463187
22234363
19541671
19825921
10375387
24703295
15387708
17598018
23808469
15894352
20217284
16363236
15253248
16627606
21339361
11304842
21555542
22414337
21143373
19710096
23607270
16709700
21402181
10992619
12490273
15620916
21839519
17699453
22012070
12866370
17054310
19267924
17468933
23971268
12468266
18503629
19284907
25881466
16146819
15282674
15752161
15238620
12925034
22202498
15155639
10874921
18089414
14992902
10972630
23277116
11794963
14723618
12062541
17380206
15550696
11297037
16037876
19584380
18938724
15389129
16689759
16163184
15282652
19124079
18957047
10727306
11159229
18606453
16342191
12361208
15910290
22589618
12393696
11226896
19717455
15282454
19092745
17828468
14742761
12818256
18791163
12221676
18427656
17063999
18574270
14515016
14656173
15771978
17910040
12611047
11729371
20524202
15649731
10759005
11951701
10505539
15373846
18406991
7855789
10910829
17174215
7594097
11672475
15448779
11426338
16924578
11666136
11771609
18504242
11852966
19789124
17955717
12355036
10907445
22337626
21801930
15620975
12461323
12232745
17913865
8211886
15673409
11059887
15973924
12902120
10560804
9765663
11533507
18824953
11471508
8914063
8872128
12393116
12360660
15560992
7540878
9364987
10357146
23323327
10517114
16138467
9710686
17352667
8016817
17201079
10218429
7756648
10730738
11734667
8029796
11523300
8175045
7974345
11434091
8692751
19574605
14997035
18221095
16902310
32598839
22370770
18945304
12814331
10676830
23613095
22049520
17344343
16411404
31782283
28239384
18956996
17389579
14565048
23485926
23482736
22357371
23669326
22315270
20922353
20334922
18983520
25053140
17302729
30974134
18950866
21964028
18424758
31102985
31270150
28576714